   0.0000000000000000       -2.3019535647677896     
  0.15000000596046448       -2.3394535662579035     
  0.30000001192092896       -2.3769535677480196     
  0.45000001788139343       -2.4144535692381357     
  0.60000002384185791       -2.4519535707282523     
  0.75000000000000000       -2.4894535647677873     
  0.90000003576278687       -2.5269535737084849     
   1.0500000715255737       -2.6243489449451514     
   1.2000000476837158       -2.7368489270637579     
   1.3500000238418579       -2.8493489091823645     
   1.5000000000000000       -2.9618488913009711     
   1.6500000953674316       -3.0743489628265448     
   1.8000000715255737       -3.2500000894069672     
   1.9500000476837158       -3.4375000596046448     
   2.1000001430511475       -3.6250001788139343     
   2.2500000000000000       -3.8125000000000000     
   2.4000000953674316       -4.0000001192092896     
   2.5500001907348633       -4.1875002384185791     
   2.7000000476837158       -4.3750000596046448     
   2.8500001430511475       -4.5625001788139343     
   3.0000000000000000       -4.7500000000000000     
