   0.0000000000000000       -2.2720678868190869     
  0.15000000596046448       -2.2970678878124984     
  0.30000001192092896       -2.3220678888059112     
  0.45000001788139343       -2.3470678897993196     
  0.60000002384185791       -2.3720678907927302     
  0.75000000000000000       -2.4146923886293212     
  0.90000003576278687       -2.4896924065107151     
   1.0500000715255737       -2.5646924243921085     
   1.2000000476837158       -2.6396924124711796     
   1.3500000238418579       -2.7239877923685683     
   1.5000000000000000       -2.8489877725003532     
   1.6500000953674316       -2.9739878519732130     
   1.8000000715255737       -3.1000000834465027     
   1.9500000476837158       -3.2750000556310019     
   2.1000001430511475       -3.4500001668930054     
   2.2500000000000000       -3.6250000000000000     
   2.4000000953674316       -3.8000001112620034     
   2.5500001907348633       -3.9750002225240073     
   2.7000000476837158       -4.1500000556310015     
   2.8500001430511475       -4.3250001668930054     
   3.0000000000000000       -4.5000000000000000     
