   0.0000000000000000       -2.4262733063370883     
  0.15000000596046448       -2.4262733063370883     
  0.30000001192092896       -2.4262733063370883     
  0.45000001788139343       -2.4262733063370883     
  0.60000002384185791       -2.4410352244337923     
  0.75000000000000000       -2.5410352085392200     
  0.90000003576278687       -2.6410352323810780     
   1.0500000715255737       -2.7410352562229359     
   1.2000000476837158       -2.8410352403283636     
   1.3500000238418579       -2.9410352244337918     
   1.5000000000000000       -3.0410352085392200     
   1.6500000953674316       -3.2000001271565757     
   1.8000000715255737       -3.4000000953674316     
   1.9500000476837158       -3.6000000635782876     
   2.1000001430511475       -3.8000001907348633     
   2.2500000000000000       -4.0000000000000000     
   2.4000000953674316       -4.2000001271565752     
   2.5500001907348633       -4.4000002543131513     
   2.7000000476837158       -4.6000000635782881     
   2.8500001430511475       -4.8000001907348633     
   3.0000000000000000       -5.0000000000000000     
