   0.0000000000000000       -2.2851408113627421     
  0.15000000596046448       -2.2851408113627425     
  0.30000001192092896       -2.2851408113627421     
  0.45000001788139343       -2.3244260297579404     
  0.60000002384185791       -2.3672831743180724     
  0.75000000000000000       -2.4101403103632562     
  0.90000003576278687       -2.4529974634383387     
   1.0500000715255737       -2.5349969645420836     
   1.2000000476837158       -2.6207112366324430     
   1.3500000238418579       -2.7064255087228313     
   1.5000000000000000       -2.7921397808131956     
   1.6500000953674316       -2.9381226027478404     
   1.8000000715255737       -3.0666940108833911     
   1.9500000476837158       -3.1952654190189409     
   2.1000001430511475       -3.4000001634870256     
   2.2500000000000000       -3.5714285714285716     
   2.4000000953674316       -3.7428572518484935     
   2.5500001907348633       -3.9142859322684154     
   2.7000000476837158       -4.0857143402099609     
   2.8500001430511475       -4.2571430206298828     
   3.0000000000000000       -4.4285714285714288     
