   0.0000000000000000       -2.3254399735551159     
  0.15000000596046448       -2.3254399735551177     
  0.30000001192092896       -2.3254399735551146     
  0.45000001788139343       -2.3431695318597652     
  0.60000002384185791       -2.4031695342439505     
  0.75000000000000000       -2.4631695247072054     
  0.90000003576278687       -2.5231695390123212     
   1.0500000715255737       -2.5831695533174370     
   1.2000000476837158       -2.6586273369452593     
   1.3500000238418579       -2.7786273178717726     
   1.5000000000000000       -2.8986272987982868     
   1.6500000953674316       -3.0186273750922323     
   1.8000000715255737       -3.1600000858306885     
   1.9500000476837158       -3.3400000572204589     
   2.1000001430511475       -3.5200001716613771     
   2.2500000000000000       -3.7000000000000002     
   2.4000000953674316       -3.8800001144409180     
   2.5500001907348633       -4.0600002288818358     
   2.7000000476837158       -4.2400000572204588     
   2.8500001430511475       -4.4200001716613766     
   3.0000000000000000       -4.5999999999999996     
