   0.0000000000000000       -2.3722813232690143     
  0.15000000596046448       -2.4472813262492465     
  0.30000001192092896       -2.5222813292294788     
  0.45000001788139343       -2.5972813322097106     
  0.60000002384185791       -2.6722813351899433     
  0.75000000000000000       -2.7472813232690143     
  0.90000003576278687       -2.8222813411504077     
   1.0500000715255737       -2.8972813590318012     
   1.2000000476837158       -2.9722813471108722     
   1.3500000238418579       -3.0472813351899433     
   1.5000000000000000       -3.2500000000000000     
   1.6500000953674316       -3.4750001430511475     
   1.8000000715255737       -3.7000001072883606     
   1.9500000476837158       -3.9250000715255737     
   2.1000001430511475       -4.1500002145767212     
   2.2500000000000000       -4.3750000000000000     
   2.4000000953674316       -4.6000001430511475     
   2.5500001907348633       -4.8250002861022949     
   2.7000000476837158       -5.0500000715255737     
   2.8500001430511475       -5.2750002145767212     
   3.0000000000000000       -5.5000000000000000     
